1.109281704904122	82.85257845919695
1.5699737241707834	152.00555391206456
2.115519718881782	86.87482809324199
2.6252435664162754	152.05918878613116
3.1165678916947614	90.00520937775451
3.626350126296187	152.5695723671875
0.11241606383002656	89.70705058642525
0.5751752820483949	153.19203800646136
1.1054252392187751	86.32921528752306
1.5080038601931292	153.1472022737116
2.099260407205764	82.49363967133772
2.4630665146990918	152.49068543268896
3.0989500388185425	80.36219810127375
3.472512831635101	152.03719752300907
0.1050715438857972	81.23578581468291
0.5317464202686916	152.00758170300136
1.112677875168154	84.67702804702881
1.600546345182991	152.00106329647753
2.116758299681198	88.63110148724402
2.63376432430305	152.2317793271443
3.115139475343377	90.37134056761623
3.606846420256607	152.90735263909212
0.10931367689269511	88.34913471531925
0.543266926889387	153.27459403227576
1.1021161171365998	84.43580200199888
1.4818284113465026	152.87357540069382
2.0981604365945428	81.17556627112657
2.459716144622829	152.2072419256359
3.1012722274117532	80.37122031688139
3.496276995124814	152.00030479942518
0.10880476976272946	82.63732723119894
0.5656605717928166	152.00673737730963
1.1152643257341803	86.62646718653552
1.623134556091633	152.0462672173189
2.1166718621945906	89.89350364260197
2.6280709183901125	152.52570835574355
3.1127780142710746	89.83678551037113
3.579154112097143	153.1683898928231
0.1058764419451198	86.57453931770412
0.5118484683833211	153.1730441485699
1.0995145703456792	82.69717049794995
1.4644812809249756	152.5338983127555
2.0987508804473634	80.41330814557385
2.4701973488586653	152.0485455765932
3.1045970148753037	81.09340993187877
3.52739908715432	152.00652526989748
0.11227317537181003	84.427563515082
0.5969260347508898	152.000198070177
1.116672610871825	88.42421572539341
1.6334635842758742	152.20177072002662
2.1153831533759213	90.37534882973124
2.6099316340362213	152.8656425427971
3.1097428153879036	88.55568100188309
3.547465605425132	153.2742955822259
0.10251890520576157	84.67767268027393
0.48481148595179774	152.9150497730878
1.098210546031066	81.31861455110638
1.4593675032681115	152.23766599088486
2.100901573763855	80.32911437861343
2.4926781071085804	152.00131307104778
3.108323184243195	82.42864415095264
3.561302308164169	152.00775821856422
0.11498870843080178	86.37556804107912
0.6208151408522276	152.035272067121
1.1167553903082885	89.76837981847501
1.6295789703120445	152.48266910462044
2.1131285516281455	89.95373292359906
2.583065905316186	153.14205157703108
3.106328780182683	86.81787309700755
3.515766822811425	153.1961735806379
0.09979092562131942	82.9068142144812
0.46610498005391704	152.57788980237652
1.0985785812694355	80.47597615266109
1.4680877807828816	152.061842249287
2.1041292797955014	80.96152974958041
2.5230993068370617	152.0053190967119
3.1118556830822506	84.18083797615428
3.5931813852290744	152.00000989582136
0.11656419167824372	88.20970336424884
0.6329179149599526	152.1740089808487
1.115610532169141	90.36372785429442
1.612869179189603	152.82281632540176
2.1101654200970836	88.75452916926018
2.551664301998008	153.27082470872975
3.102932223054434	84.92172502097574
3.487935559086084	152.9551367567097
0.09828954636273102	81.47076594325547
0.45925683576517934	152.27025135368714
1.1005491889025993	80.29927732285957
1.48921328276589	152.00316829363604
2.107838153620607	82.22700874867218
2.5569095317612343	152.00855635905586
3.114693543670906	86.12277498415561
3.6182938486611524	152.02607769616355
0.1168180182760955	89.63041485087122
0.6308674900263778	152.44069363059828
1.113467093246347	90.05733546247363
1.5869014477550534	153.11315036213955
2.106781193488912	87.05860156059498
2.5197501610914244	153.216481285803
